Last-row accuracy | depth=2, loss=l1, opt=adam, do=0.0
ACC=0.2022  BWT=-0.8511  TBWT=-0.8574  CBWT=-0.8621

R (accuracy by task after each training step):
[[0.977  0.1273 0.0803 0.1653 0.104  0.0412 0.1291 0.0952 0.0521 0.0712]
 [0.159  0.9688 0.218  0.1055 0.1266 0.0743 0.1033 0.1212 0.1078 0.1133]
 [0.1197 0.1322 0.972  0.1221 0.1389 0.1188 0.098  0.0992 0.1256 0.1592]
 [0.0934 0.1251 0.1439 0.9682 0.1376 0.0917 0.0838 0.1613 0.1099 0.1284]
 [0.0893 0.1401 0.1481 0.1089 0.9669 0.1235 0.095  0.0831 0.1299 0.1043]
 [0.1193 0.0696 0.1227 0.0633 0.1336 0.9651 0.1274 0.0663 0.1228 0.1339]
 [0.094  0.0985 0.088  0.1068 0.1025 0.128  0.9663 0.0743 0.0958 0.09  ]
 [0.0951 0.112  0.071  0.098  0.0957 0.0929 0.2307 0.9672 0.0929 0.0718]
 [0.0867 0.1002 0.118  0.1273 0.1298 0.0614 0.0936 0.1105 0.9624 0.1051]
 [0.1013 0.1382 0.0972 0.1366 0.0893 0.1043 0.1204 0.0932 0.1734 0.9682]]