Last-row accuracy | depth=2, loss=nll, opt=adam, do=0.0
ACC=0.3194  BWT=-0.7272  TBWT=-0.6010  CBWT=-0.6878

R (accuracy by task after each training step):
[[0.9804 0.1053 0.1066 0.117  0.1643 0.1386 0.0899 0.1058 0.0676 0.1087]
 [0.92   0.978  0.1325 0.0813 0.1137 0.0829 0.1203 0.1262 0.0768 0.0715]
 [0.6286 0.8314 0.976  0.0955 0.116  0.1075 0.1068 0.0866 0.1052 0.0919]
 [0.4503 0.472  0.7653 0.9732 0.0972 0.0864 0.1201 0.1353 0.0954 0.0906]
 [0.3705 0.2868 0.5298 0.8675 0.972  0.0732 0.1233 0.1288 0.1083 0.0862]
 [0.2756 0.2513 0.3515 0.5385 0.804  0.9722 0.1108 0.1264 0.1037 0.1259]
 [0.3079 0.1566 0.2325 0.3365 0.4485 0.8267 0.9721 0.1149 0.0825 0.1229]
 [0.2609 0.1189 0.1718 0.1716 0.1858 0.3771 0.8453 0.9736 0.089  0.1414]
 [0.1456 0.1082 0.1267 0.0943 0.1619 0.1612 0.3242 0.7278 0.9712 0.1269]
 [0.1873 0.0931 0.1166 0.1202 0.1704 0.1833 0.1506 0.339  0.8637 0.9697]]