Last-row accuracy | depth=2, loss=nll, opt=rmsprop, do=0.5
ACC=0.4255  BWT=-0.6081  TBWT=-0.5134  CBWT=-0.6219

R (accuracy by task after each training step):
[[0.9807 0.1291 0.0856 0.1358 0.1454 0.0465 0.099  0.1062 0.1087 0.1042]
 [0.86   0.9772 0.1263 0.1223 0.1308 0.0735 0.0747 0.1207 0.124  0.1374]
 [0.6834 0.7576 0.9738 0.1164 0.1054 0.1324 0.1024 0.1535 0.0913 0.1384]
 [0.4355 0.4751 0.751  0.9748 0.1223 0.0923 0.0813 0.1272 0.1217 0.0841]
 [0.4326 0.4334 0.6651 0.8805 0.9752 0.0835 0.0997 0.1279 0.1376 0.1473]
 [0.3961 0.3313 0.3602 0.6329 0.8784 0.9717 0.1139 0.1256 0.1066 0.1138]
 [0.2944 0.2174 0.2052 0.4521 0.6778 0.8987 0.9695 0.1023 0.0868 0.1215]
 [0.2151 0.1704 0.1753 0.4041 0.3663 0.644  0.8682 0.9685 0.0794 0.115 ]
 [0.1205 0.1899 0.1647 0.2825 0.3089 0.408  0.6585 0.8022 0.9695 0.0824]
 [0.1404 0.189  0.1656 0.2199 0.2875 0.2106 0.5022 0.656  0.9164 0.9676]]