Last-row accuracy | depth=2, loss=l2, opt=sgd, do=0.5
ACC=0.7475  BWT=-0.2483  TBWT=-0.1684  CBWT=-0.2814

R (accuracy by task after each training step):
[[0.9738 0.1132 0.0674 0.0726 0.1177 0.0636 0.0634 0.1224 0.0935 0.0782]
 [0.9501 0.971  0.0924 0.0854 0.1025 0.0589 0.0686 0.1664 0.0721 0.1042]
 [0.8916 0.9599 0.9696 0.1133 0.1108 0.0815 0.0845 0.1556 0.1025 0.0809]
 [0.7623 0.8938 0.9574 0.9709 0.1351 0.0691 0.0726 0.1374 0.1008 0.065 ]
 [0.7779 0.8491 0.9505 0.9642 0.9718 0.0805 0.09   0.1611 0.1047 0.0858]
 [0.72   0.7613 0.9023 0.9447 0.9647 0.9707 0.0932 0.1583 0.103  0.0794]
 [0.6109 0.5825 0.828  0.8968 0.948  0.9561 0.9702 0.1339 0.0868 0.1095]
 [0.4941 0.4651 0.8043 0.8998 0.9195 0.9422 0.9588 0.9705 0.0813 0.1009]
 [0.385  0.4373 0.7388 0.8194 0.8745 0.9065 0.9459 0.9611 0.9708 0.1095]
 [0.3615 0.2995 0.6347 0.7405 0.8007 0.8421 0.9361 0.933  0.9567 0.9702]]