Last-row accuracy | depth=2, loss=l1, opt=adam, do=0.5
ACC=0.2048  BWT=-0.8505  TBWT=-0.8599  CBWT=-0.8621

R (accuracy by task after each training step):
[[0.975  0.0984 0.0716 0.1181 0.1265 0.1217 0.0753 0.1143 0.0894 0.1209]
 [0.1216 0.9735 0.1162 0.0926 0.1187 0.1046 0.0982 0.1038 0.1185 0.099 ]
 [0.111  0.1297 0.9735 0.0811 0.1115 0.1235 0.1155 0.0864 0.0769 0.104 ]
 [0.1345 0.094  0.112  0.9701 0.1051 0.086  0.104  0.1324 0.0954 0.0923]
 [0.1006 0.1135 0.1318 0.1117 0.9691 0.1016 0.1035 0.1094 0.136  0.1421]
 [0.1012 0.0725 0.1349 0.0809 0.1002 0.967  0.1113 0.1184 0.1355 0.093 ]
 [0.1068 0.1225 0.1189 0.095  0.0734 0.1308 0.9705 0.0755 0.0933 0.0984]
 [0.1292 0.0632 0.0803 0.0965 0.0765 0.0846 0.1611 0.9665 0.0723 0.1106]
 [0.097  0.099  0.1102 0.178  0.1094 0.1192 0.1287 0.1195 0.9675 0.1215]
 [0.1167 0.0985 0.1167 0.122  0.1131 0.0986 0.0915 0.1391 0.1819 0.9701]]