Last-row accuracy | depth=3, loss=nll, opt=sgd, do=0.5
ACC=0.7398  BWT=-0.2536  TBWT=-0.1651  CBWT=-0.2780

R (accuracy by task after each training step):
[[0.9747 0.1139 0.0823 0.1194 0.1117 0.1054 0.0637 0.1107 0.0759 0.0766]
 [0.9515 0.9715 0.1115 0.125  0.1233 0.1057 0.0932 0.1384 0.1026 0.0963]
 [0.8734 0.957  0.9686 0.1173 0.1039 0.1258 0.0928 0.1316 0.1082 0.0926]
 [0.8324 0.9171 0.9534 0.9699 0.1115 0.1097 0.1037 0.1522 0.1157 0.0965]
 [0.7687 0.8704 0.9338 0.9598 0.9661 0.089  0.1422 0.1581 0.113  0.0957]
 [0.701  0.8196 0.9023 0.9455 0.9591 0.9676 0.1269 0.1459 0.1007 0.0965]
 [0.6115 0.6641 0.8278 0.9343 0.9364 0.9564 0.9655 0.1298 0.0795 0.1024]
 [0.4929 0.5285 0.8071 0.9112 0.9084 0.9346 0.9528 0.9666 0.0663 0.1051]
 [0.4098 0.3904 0.7194 0.7963 0.8552 0.9032 0.9416 0.9486 0.9666 0.1202]
 [0.373  0.2723 0.6208 0.7839 0.8079 0.7865 0.9118 0.9229 0.956  0.9625]]