Last-row accuracy | depth=4, loss=nll, opt=sgd, do=0.5
ACC=0.7508  BWT=-0.2397  TBWT=-0.1680  CBWT=-0.2721

R (accuracy by task after each training step):
[[0.9735 0.113  0.092  0.1078 0.1088 0.1136 0.0945 0.1161 0.1103 0.068 ]
 [0.9483 0.969  0.1323 0.0965 0.1185 0.0968 0.0929 0.1406 0.104  0.0689]
 [0.8777 0.9584 0.9675 0.0715 0.1041 0.1197 0.0959 0.1108 0.1247 0.0939]
 [0.7426 0.8846 0.9576 0.9667 0.113  0.0964 0.0982 0.1432 0.1315 0.0848]
 [0.7594 0.8741 0.9426 0.9576 0.9656 0.0919 0.0867 0.1397 0.1218 0.0933]
 [0.6789 0.7897 0.9219 0.9389 0.9531 0.9645 0.0873 0.1177 0.1132 0.0746]
 [0.601  0.6495 0.8482 0.8894 0.9173 0.953  0.9674 0.1204 0.0924 0.0705]
 [0.5807 0.5308 0.7502 0.8393 0.8653 0.9255 0.9541 0.963  0.0806 0.0985]
 [0.4653 0.4233 0.6347 0.7911 0.8539 0.9098 0.9393 0.9539 0.9643 0.0894]
 [0.4072 0.3083 0.6178 0.7666 0.8024 0.8596 0.9156 0.921  0.9459 0.9638]]