Last-row accuracy | depth=2, loss=nll, opt=rmsprop, do=0.0
ACC=0.4474  BWT=-0.5879  TBWT=-0.4637  CBWT=-0.5783

R (accuracy by task after each training step):
[[0.9844 0.0962 0.0785 0.1182 0.1504 0.0873 0.091  0.1279 0.0471 0.0827]
 [0.9153 0.9802 0.1172 0.0842 0.127  0.0652 0.09   0.1197 0.0953 0.1088]
 [0.7354 0.8895 0.9758 0.071  0.0636 0.0862 0.0624 0.1291 0.1123 0.111 ]
 [0.627  0.7141 0.8603 0.9778 0.0602 0.1293 0.0998 0.0892 0.1016 0.0949]
 [0.4902 0.534  0.7632 0.9063 0.9748 0.0867 0.1209 0.1186 0.0996 0.126 ]
 [0.3965 0.4568 0.5673 0.6787 0.8616 0.9751 0.134  0.106  0.0854 0.0949]
 [0.337  0.2815 0.3177 0.5353 0.6599 0.8759 0.9743 0.1132 0.0631 0.0871]
 [0.2755 0.2043 0.2682 0.3508 0.4466 0.6715 0.8724 0.9748 0.0785 0.0929]
 [0.1996 0.1541 0.2387 0.2769 0.3016 0.4155 0.678  0.8958 0.9735 0.0968]
 [0.1862 0.1552 0.2056 0.2285 0.298  0.276  0.5732 0.6921 0.8844 0.9748]]