Last-row accuracy | depth=3, loss=nll, opt=adam, do=0.3
ACC=0.4267  BWT=-0.6079  TBWT=-0.4733  CBWT=-0.5943

R (accuracy by task after each training step):
[[0.9825 0.1135 0.0913 0.1096 0.191  0.1022 0.0549 0.1132 0.0463 0.0876]
 [0.9174 0.9778 0.1293 0.0987 0.1068 0.0713 0.1    0.1397 0.0819 0.1031]
 [0.6594 0.9234 0.9761 0.1131 0.0985 0.0826 0.1381 0.1057 0.134  0.0854]
 [0.4294 0.6896 0.9175 0.9741 0.0965 0.1015 0.0732 0.0986 0.1039 0.1155]
 [0.3018 0.4898 0.7517 0.9386 0.9772 0.0901 0.0928 0.0971 0.0929 0.097 ]
 [0.2869 0.3562 0.5016 0.6887 0.9116 0.9712 0.1065 0.1047 0.0983 0.0922]
 [0.2209 0.3185 0.3704 0.5278 0.7202 0.9285 0.972  0.1119 0.0616 0.0823]
 [0.1814 0.1631 0.3577 0.338  0.5837 0.6163 0.8943 0.9703 0.0748 0.0989]
 [0.1534 0.1735 0.2667 0.3801 0.4594 0.3564 0.6349 0.9306 0.9683 0.1336]
 [0.1372 0.1333 0.2092 0.327  0.2931 0.2186 0.4227 0.6782 0.8787 0.9687]]