Last-row accuracy | depth=2, loss=nll, opt=sgd, do=0.5
ACC=0.7641  BWT=-0.2276  TBWT=-0.1424  CBWT=-0.2424

R (accuracy by task after each training step):
[[0.9739 0.1606 0.0814 0.1288 0.0982 0.0707 0.0645 0.1283 0.0676 0.0865]
 [0.9532 0.9688 0.091  0.1413 0.1013 0.0625 0.0762 0.1412 0.07   0.1111]
 [0.9249 0.9552 0.9692 0.116  0.0945 0.084  0.0932 0.1504 0.089  0.1093]
 [0.8364 0.9081 0.9555 0.9696 0.1071 0.0734 0.0842 0.1507 0.0948 0.1052]
 [0.8399 0.8808 0.9448 0.9621 0.9698 0.082  0.0702 0.1485 0.1121 0.1189]
 [0.7643 0.8121 0.9162 0.9465 0.9609 0.9686 0.0963 0.1241 0.1007 0.1186]
 [0.6905 0.7088 0.8648 0.9082 0.9454 0.9558 0.9679 0.111  0.0944 0.1218]
 [0.6059 0.5437 0.8127 0.884  0.9196 0.9413 0.9616 0.967  0.0808 0.1199]
 [0.5271 0.4969 0.7134 0.8038 0.8894 0.9187 0.9537 0.9582 0.9671 0.1297]
 [0.4146 0.3589 0.6455 0.756  0.8406 0.8348 0.9364 0.9327 0.9544 0.9667]]