Last-row accuracy | depth=2, loss=l2, opt=adam, do=0.5
ACC=0.1911  BWT=-0.8666  TBWT=-0.8630  CBWT=-0.8730

R (accuracy by task after each training step):
[[0.9809 0.0876 0.079  0.1754 0.1062 0.0766 0.096  0.1077 0.0585 0.0992]
 [0.1062 0.9785 0.1242 0.0975 0.1204 0.1001 0.0918 0.098  0.11   0.0883]
 [0.104  0.1651 0.9732 0.0741 0.0978 0.0993 0.1273 0.1042 0.1104 0.1049]
 [0.1076 0.0922 0.1146 0.9743 0.1013 0.0942 0.0927 0.129  0.076  0.0922]
 [0.0988 0.1032 0.0995 0.137  0.973  0.0826 0.0859 0.0835 0.1223 0.0988]
 [0.0996 0.0709 0.1321 0.1181 0.1313 0.9707 0.1049 0.1032 0.0916 0.0626]
 [0.1187 0.1171 0.1078 0.0998 0.0755 0.1928 0.9644 0.0835 0.0994 0.0874]
 [0.1107 0.0725 0.0773 0.1124 0.089  0.092  0.2777 0.9663 0.0629 0.1021]
 [0.0959 0.085  0.1051 0.1201 0.1002 0.0791 0.141  0.1197 0.9664 0.1213]
 [0.0722 0.0988 0.0902 0.0951 0.1141 0.0866 0.0702 0.1151 0.2056 0.9631]]