Last-row accuracy | depth=2, loss=l1, opt=sgd, do=0.0
ACC=0.2757  BWT=-0.7765  TBWT=-0.6729  CBWT=-0.7553

R (accuracy by task after each training step):
[[0.9756 0.0905 0.0791 0.1163 0.1241 0.0855 0.0761 0.1076 0.0764 0.0976]
 [0.8125 0.9731 0.1075 0.1065 0.1184 0.1018 0.092  0.1083 0.1049 0.1161]
 [0.5237 0.7849 0.973  0.0769 0.1067 0.1093 0.0984 0.1    0.1203 0.1071]
 [0.2684 0.259  0.7347 0.9746 0.1115 0.1    0.0882 0.1038 0.1152 0.1017]
 [0.1938 0.1857 0.3822 0.8084 0.9748 0.1164 0.1066 0.1325 0.1052 0.1094]
 [0.1337 0.1174 0.1714 0.3675 0.7758 0.9748 0.1073 0.1071 0.1272 0.1092]
 [0.1202 0.1129 0.1321 0.1868 0.4028 0.818  0.9751 0.0837 0.11   0.1081]
 [0.1093 0.0951 0.0894 0.1033 0.1612 0.3385 0.8612 0.974  0.0796 0.1176]
 [0.098  0.1146 0.088  0.0981 0.1355 0.1662 0.2856 0.7489 0.9748 0.1305]
 [0.0927 0.1076 0.0948 0.1082 0.1165 0.1291 0.1516 0.2554 0.7257 0.9755]]