Last-row accuracy | depth=2, loss=nll, opt=sgd, do=0.5
ACC=0.7882  BWT=-0.2006  TBWT=-0.1331  CBWT=-0.2195

R (accuracy by task after each training step):
[[0.9744 0.1205 0.0912 0.1079 0.1173 0.0774 0.0677 0.1047 0.0732 0.066 ]
 [0.9574 0.9684 0.1301 0.1331 0.1174 0.0599 0.0813 0.1266 0.0829 0.0752]
 [0.8929 0.9584 0.969  0.1216 0.1287 0.101  0.1064 0.1206 0.0819 0.0825]
 [0.8296 0.8969 0.9539 0.9706 0.1175 0.0887 0.1029 0.1358 0.0851 0.0735]
 [0.8643 0.8807 0.9464 0.9603 0.9685 0.0908 0.0946 0.1238 0.0977 0.0969]
 [0.8067 0.8437 0.9152 0.9455 0.9582 0.9675 0.1142 0.1284 0.0954 0.0989]
 [0.7351 0.7271 0.8661 0.9104 0.9362 0.957  0.969  0.111  0.0881 0.1088]
 [0.6431 0.5668 0.8144 0.9088 0.901  0.9405 0.9613 0.9689 0.0845 0.1114]
 [0.5343 0.4452 0.7891 0.7992 0.8774 0.9145 0.9495 0.9546 0.9652 0.1117]
 [0.5329 0.3724 0.7351 0.794  0.7963 0.8522 0.9387 0.9437 0.951  0.9661]]