Last-row accuracy | depth=2, loss=l2, opt=rmsprop, do=0.0
ACC=0.1948  BWT=-0.8642  TBWT=-0.8619  CBWT=-0.8680

R (accuracy by task after each training step):
[[0.9775 0.1077 0.0962 0.1331 0.1125 0.0743 0.1201 0.1218 0.0853 0.0557]
 [0.1175 0.9754 0.1129 0.0793 0.1008 0.095  0.101  0.0806 0.1313 0.1171]
 [0.1103 0.1106 0.973  0.0888 0.0635 0.1151 0.1409 0.1106 0.1145 0.0782]
 [0.0993 0.1517 0.1354 0.9711 0.1302 0.104  0.0959 0.1105 0.1101 0.1041]
 [0.1152 0.1002 0.1279 0.1365 0.9756 0.1043 0.1199 0.1231 0.1197 0.1121]
 [0.0786 0.0777 0.1382 0.0704 0.1207 0.9716 0.1298 0.0705 0.1375 0.1118]
 [0.0755 0.114  0.11   0.1146 0.1278 0.1716 0.9694 0.0691 0.1204 0.1259]
 [0.0612 0.1167 0.093  0.0817 0.0806 0.0871 0.1944 0.9715 0.0734 0.089 ]
 [0.1056 0.1181 0.0715 0.1618 0.1028 0.1241 0.1133 0.1474 0.9739 0.0778]
 [0.106  0.0984 0.1017 0.0751 0.1013 0.0818 0.0802 0.1285 0.2081 0.9671]]