Last-row accuracy | depth=2, loss=l2, opt=sgd, do=0.0
ACC=0.7422  BWT=-0.2589  TBWT=-0.2004  CBWT=-0.2742

R (accuracy by task after each training step):
[[0.9761 0.0928 0.0675 0.1166 0.1302 0.0985 0.0634 0.1056 0.0453 0.0951]
 [0.9156 0.9731 0.0813 0.1126 0.1077 0.0786 0.0833 0.1617 0.0664 0.0997]
 [0.7763 0.9278 0.9733 0.0792 0.0886 0.0787 0.0729 0.1586 0.1224 0.0777]
 [0.6861 0.8696 0.9483 0.9737 0.0851 0.0942 0.0855 0.1207 0.1171 0.0747]
 [0.7125 0.77   0.8601 0.9571 0.9749 0.0936 0.1032 0.1396 0.1427 0.091 ]
 [0.6559 0.6761 0.7783 0.8705 0.945  0.977  0.1002 0.1112 0.1508 0.0842]
 [0.7375 0.5862 0.7689 0.8694 0.9157 0.9484 0.975  0.0912 0.125  0.0976]
 [0.7025 0.5104 0.6922 0.8038 0.8358 0.911  0.9516 0.9767 0.1076 0.0918]
 [0.5915 0.4236 0.6691 0.6985 0.7309 0.8479 0.9166 0.9367 0.9759 0.0953]
 [0.5351 0.4107 0.6183 0.6453 0.709  0.8064 0.8808 0.8898 0.9499 0.9766]]