Last-row accuracy | depth=2, loss=l2, opt=adam, do=0.0
ACC=0.1984  BWT=-0.8583  TBWT=-0.8635  CBWT=-0.8670

R (accuracy by task after each training step):
[[0.9797 0.1318 0.091  0.1523 0.1034 0.0953 0.0879 0.1219 0.0454 0.0959]
 [0.138  0.9729 0.1081 0.0716 0.1325 0.0768 0.1131 0.105  0.1307 0.1025]
 [0.0936 0.1327 0.9748 0.0699 0.0854 0.0986 0.0858 0.1066 0.1136 0.1042]
 [0.1297 0.1052 0.1332 0.9689 0.1021 0.1021 0.0833 0.0837 0.1066 0.1022]
 [0.0931 0.0979 0.1022 0.1168 0.9699 0.084  0.1079 0.1217 0.1457 0.1043]
 [0.1135 0.0947 0.1108 0.0864 0.1318 0.968  0.1037 0.0835 0.1357 0.1148]
 [0.1086 0.0946 0.0829 0.1066 0.0827 0.1416 0.968  0.071  0.0948 0.0985]
 [0.0999 0.0771 0.0613 0.1147 0.0657 0.0961 0.193  0.9698 0.0828 0.1378]
 [0.0881 0.0971 0.0818 0.0999 0.1299 0.1374 0.1109 0.1504 0.9685 0.1067]
 [0.1245 0.0972 0.1251 0.1019 0.112  0.0784 0.1019 0.1434 0.1313 0.9688]]