Last-row accuracy | depth=2, loss=l1, opt=rmsprop, do=0.0
ACC=0.1905  BWT=-0.8595  TBWT=-0.8567  CBWT=-0.8624

R (accuracy by task after each training step):
[[0.9653 0.1513 0.1326 0.1662 0.1106 0.0713 0.1008 0.136  0.0584 0.0582]
 [0.1248 0.9617 0.1061 0.1021 0.1201 0.0959 0.1088 0.0892 0.1211 0.1017]
 [0.1032 0.1301 0.9711 0.0922 0.0653 0.1193 0.1086 0.1044 0.0842 0.1091]
 [0.1636 0.108  0.1276 0.9691 0.147  0.1102 0.0997 0.0698 0.1197 0.1215]
 [0.1117 0.0963 0.1144 0.1021 0.9618 0.1274 0.1183 0.1224 0.071  0.0993]
 [0.1023 0.0921 0.0992 0.0896 0.1385 0.9642 0.1298 0.0686 0.1456 0.1156]
 [0.1054 0.1373 0.1168 0.1169 0.0845 0.1014 0.9612 0.1035 0.0897 0.1714]
 [0.1098 0.0754 0.1144 0.0715 0.0806 0.1249 0.2109 0.9611 0.1223 0.1556]
 [0.084  0.1    0.0833 0.1273 0.0741 0.0989 0.1155 0.096  0.9612 0.1015]
 [0.0846 0.0992 0.105  0.0888 0.094  0.0766 0.1121 0.1434 0.1375 0.9639]]