Last-row accuracy | depth=2, loss=nll, opt=adam, do=0.5
ACC=0.4199  BWT=-0.6124  TBWT=-0.4814  CBWT=-0.6053

R (accuracy by task after each training step):
[[0.9806 0.0967 0.1042 0.1363 0.1662 0.0983 0.0879 0.1489 0.0535 0.082 ]
 [0.8804 0.9749 0.1154 0.0815 0.1205 0.0831 0.0943 0.1188 0.1146 0.1083]
 [0.6835 0.9278 0.9724 0.099  0.0854 0.1169 0.121  0.119  0.1287 0.1098]
 [0.5857 0.576  0.913  0.9733 0.0909 0.0899 0.0969 0.1174 0.1009 0.0942]
 [0.4133 0.5731 0.7377 0.887  0.9723 0.0945 0.111  0.1149 0.1247 0.1194]
 [0.1853 0.2523 0.5262 0.5843 0.8969 0.9658 0.1206 0.1116 0.101  0.0887]
 [0.1924 0.1957 0.3589 0.6564 0.7937 0.8824 0.9707 0.0942 0.0943 0.1098]
 [0.1695 0.1879 0.269  0.5075 0.609  0.7077 0.8852 0.9677 0.0641 0.1221]
 [0.1255 0.1819 0.2384 0.3534 0.3519 0.3197 0.4647 0.8416 0.9692 0.1227]
 [0.1303 0.1061 0.1406 0.2589 0.3139 0.2974 0.4549 0.6287 0.9042 0.9635]]