Last-row accuracy | depth=2, loss=l1, opt=rmsprop, do=0.5
ACC=0.1838  BWT=-0.8440  TBWT=-0.8448  CBWT=-0.8571

R (accuracy by task after each training step):
[[0.9695 0.1416 0.085  0.1145 0.1189 0.0837 0.0847 0.1337 0.0874 0.104 ]
 [0.136  0.9688 0.1265 0.108  0.109  0.0975 0.0974 0.1064 0.1256 0.1032]
 [0.1031 0.1356 0.9556 0.1291 0.079  0.1463 0.1566 0.094  0.0847 0.121 ]
 [0.1394 0.1015 0.1357 0.9496 0.1322 0.0796 0.0606 0.0651 0.094  0.1147]
 [0.1481 0.1342 0.1602 0.1494 0.9479 0.079  0.1131 0.1027 0.1447 0.16  ]
 [0.1024 0.0752 0.0946 0.1318 0.1251 0.9415 0.1042 0.1231 0.0747 0.0996]
 [0.0621 0.0947 0.088  0.0832 0.1074 0.1707 0.9342 0.1128 0.1036 0.1063]
 [0.0662 0.0938 0.0565 0.0964 0.0861 0.0755 0.1577 0.9264 0.0863 0.0939]
 [0.0803 0.1251 0.119  0.1416 0.0819 0.0835 0.0917 0.1756 0.923  0.0841]
 [0.0744 0.1061 0.1208 0.0654 0.0799 0.0751 0.0976 0.1444 0.1572 0.9168]]