Last-row accuracy | depth=2, loss=nll, opt=sgd, do=0.0
ACC=0.7282  BWT=-0.2733  TBWT=-0.1938  CBWT=-0.2689

R (accuracy by task after each training step):
[[0.9765 0.1324 0.0815 0.0708 0.1064 0.1002 0.072  0.1    0.0742 0.0743]
 [0.9348 0.9735 0.1081 0.0771 0.1182 0.0732 0.0907 0.115  0.0885 0.0936]
 [0.8444 0.9339 0.9738 0.082  0.1262 0.0763 0.0688 0.1198 0.0974 0.082 ]
 [0.7539 0.8447 0.9351 0.9751 0.1051 0.0849 0.0801 0.1085 0.1035 0.0947]
 [0.8536 0.7301 0.9076 0.9501 0.9753 0.0717 0.1098 0.1456 0.1074 0.08  ]
 [0.7775 0.6593 0.879  0.9044 0.9477 0.9741 0.1025 0.1607 0.1212 0.0907]
 [0.7339 0.4831 0.8398 0.8514 0.908  0.956  0.9745 0.1276 0.0959 0.0885]
 [0.6608 0.4826 0.7684 0.8071 0.8524 0.9104 0.9446 0.9715 0.0957 0.0996]
 [0.586  0.4138 0.7168 0.7251 0.7457 0.7706 0.8945 0.9215 0.9733 0.091 ]
 [0.563  0.3633 0.5991 0.6987 0.7022 0.7029 0.8434 0.8952 0.9405 0.9741]]