Last-row accuracy | depth=2, loss=l1, opt=sgd, do=0.5
ACC=0.2440  BWT=-0.8103  TBWT=-0.7222  CBWT=-0.7868

R (accuracy by task after each training step):
[[0.9727 0.0843 0.0801 0.104  0.1225 0.0515 0.0877 0.1077 0.0868 0.0716]
 [0.8633 0.9721 0.1012 0.0835 0.1247 0.0792 0.0921 0.123  0.1061 0.1083]
 [0.3386 0.7534 0.9719 0.0972 0.1059 0.1304 0.1206 0.1079 0.1071 0.1072]
 [0.2223 0.2876 0.6874 0.9724 0.1208 0.1013 0.0946 0.1062 0.0983 0.1015]
 [0.1415 0.1693 0.2085 0.6879 0.9737 0.1134 0.1113 0.1206 0.1064 0.1314]
 [0.1182 0.1099 0.1304 0.2394 0.6697 0.974  0.1058 0.1187 0.1029 0.1071]
 [0.1056 0.1179 0.1316 0.1412 0.1436 0.6219 0.9752 0.0919 0.0957 0.1107]
 [0.1015 0.0576 0.1161 0.1025 0.1043 0.1688 0.8077 0.9738 0.0763 0.116 ]
 [0.0987 0.0906 0.1174 0.0983 0.1087 0.1167 0.1696 0.6661 0.9745 0.1059]
 [0.0974 0.0886 0.0949 0.1092 0.0981 0.0872 0.1125 0.2245 0.5551 0.9726]]